3.3,
0.875,
0,
0,
1.4000000000000004,
0.0,
0.0,
3.3,
0.875,
0,
0,
1.8666666666666663,
0,
1.3035714285714284,
0,
0,
0,
0,
0,
4.666666666666664,
0,
0,
0,
0.0,
0,
16.800000000000022,
0,
1.8666666666666663,
0,
1.571428571428572,
1.3655913978494618,
1.5446428571428572,
0,
0,
0,
0,
0,
0,
0,
0,
0,
1.3904761904761906,
0,
1.7959183673469385,
1.3904761904761906,
0,
1.7959183673469385,
0,
6.53333333333334,
24.0,
1.3333333333333328,
0,
2.8188585607940477,
0.8571428571428571,
1.785714285714286,
0.0,
6.0,
1.6666666666666663,
0.6770833333333334,
0,
0,
1.8979591836734695,
3.288888888888891,
3.466666666666668,
0,
2.48888888888889,
1.4583333333333333,
1.8979591836734695,
0,
0,
0,
3.199999999999997,
0,
0,
0,
0,
0,
2.7419354838709706,
0.9375,
1.4933333333333336,
3.2,
0.8571428571428571,
1.785714285714286,
0.0,
8.0,
0.6770833333333334,
0,
0,
1.2142857142857144,
3.3,
0,
0,
1.2142857142857144,
3.3,
0.875,
0,
0,
1.4000000000000004,
0.0,
0.0,
3.3,
0.875,
0,
4.199999999999999,
0,
0,
3.1428571428571397,
0.611111111111111,
0.4375,
0,
0,
0,
0,
0,
4.666666666666664,
0,
0,
0,
0.0,
0,
0.0,
0,
3.2888888888888883,
1.7851851851851848,
1.3655913978494618,
1.0408163265306123,
0,
0.25,
0,
0.8541666666666666,
0,
1.263392857142857,
0,
0,
0,
1.3904761904761906,
0,
1.7959183673469385,
1.3904761904761906,
0,
1.7959183673469385,
0,
6.53333333333334,
24.0,
1.3333333333333328,
0,
2.8188585607940477,
0.8571428571428571,
1.785714285714286,
0.0,
8.0,
0.513888888888889,
2.1999999999999993,
6.0,
2.571428571428571,
