0.8263888888888888,
0.6571428571428571,
0.7857142857142857,
1.607142857142857,
1.06,
0,
1.438095238095238,
0.8263888888888888,
0.6571428571428571,
0.8809523809523809,
0,
1.1761904761904762,
1.2333333333333334,
1.625,
0,
2.092307692307692,
4.212903225806451,
0,
3.32222222222222,
2.7463343108504397,
1.4666666666666663,
1.1666666666666665,
2.2740740740740732,
1.1666666666666665,
2.2740740740740732,
0.9732142857142855,
0,
2.3397435897435894,
1.6333333333333335,
2.166666666666667,
1.3655913978494618,
1.0408163265306123,
0,
0.25,
0,
0.8541666666666666,
0,
1.1249999999999998,
0,
0.8541666666666666,
0,
1.2857142857142854,
0,
0.9999999999999998,
2.1428571428571423,
0,
1.8951612903225823,
0,
1.9047619047619044,
4.83529411764706,
3.054545454545456,
2.468817204301072,
4.830967741935466,
1.4666666666666668,
1.3916666666666664,
2.999999999999999,
3.9516129032258083,
1.7857142857142863,
0.8263888888888888,
0,
0,
0.7857142857142856,
0.7619047619047619,
0.5758928571428572,
1.2098214285714282,
0.3333333333333333,
0.65,
0.6562500000000001,
1.303571428571429,
0.6122448979591837,
1.4000000000000001,
1.2738095238095242,
3.3,
1.2142857142857144,
3.3,
0,
0,
0.9183673469387755,
1.8666666666666667,
2.6133333333333333,
2.8999999999999995,
2.600000000000001,
1.3916666666666664,
2.999999999999999,
2.7022332506203504,
0.8784722222222223,
0,
0,
0.8601190476190479,
0.8784722222222223,
0,
0,
0.779761904761905,
0.8263888888888888,
0.6571428571428571,
0.7857142857142857,
1.607142857142857,
1.06,
0,
1.438095238095238,
0.8263888888888888,
0.8035714285714286,
1.4166666666666667,
1.2222222222222223,
0.8928571428571429,
1.0333333333333337,
0.9285714285714286,
4.433333333333329,
12.999999999999993,
0,
2.092307692307692,
4.212903225806451,
0,
3.32222222222222,
2.7463343108504397,
1.5249999999999995,
1.4960317460317458,
2.2740740740740732,
1.1666666666666665,
2.2740740740740732,
1.2142857142857142,
0,
0,
2.166666666666667,
1.3655913978494618,
1.5446428571428572,
0,
0,
0,
0,
0,
1.5111111111111117,
0,
0.8541666666666666,
0,
1.2991071428571426,
0,
1.2416666666666665,
2.1428571428571423,
0,
1.8951612903225823,
0,
1.9047619047619044,
4.83529411764706,
3.054545454545456,
2.468817204301072,
4.830967741935466,
1.4666666666666668,
1.3916666666666664,
2.999999999999999,
2.7022332506203504,
1.398148148148148,
1.5483870967741944,
4.193548387096775,
3.428571428571429,
