0.0,
2.0,
0.6666666666666666,
0.857142857142857,
0.7777777777777778,
2.0,
0.5,
0.8333333333333333,
0.0,
9.916666666666668,
1.5000000000000002,
1.153846153846154,
1.4166666666666667,
0,
0,
0,
0,
0,
0,
2.780952380952379,
3.98888888888889,
0.7142857142857141,
0.5714285714285714,
0.5714285714285714,
0,
0.5714285714285714,
1.0476190476190472,
1.3333333333333333,
1.5999999999999999,
0,
0,
0.0,
5.0,
0,
0,
0,
0.5714285714285714,
0.9285714285714284,
0.0,
5.333333333333333,
1.3333333333333328,
1.5714285714285714,
1.3333333333333328,
1.7238095238095243,
0,
2.6666666666666696,
0.6666666666666666,
2.0,
0.6666666666666666,
0.857142857142857,
0.55,
1.5,
1.5,
0.9107142857142856,
0,
0,
0,
0.7678571428571428,
2.792626728110602,
1.2499999999999998,
0.9166666666666666,
0,
0,
0,
0,
0,
0,
1.4000000000000004,
0,
0,
0,
0,
0,
0,
0,
0,
0.46875,
0,
2.6666666666666696,
0.4888888888888889,
0,
0,
2.6666666666666696,
0.537037037037037,
1.6881720430107536,
0.6666666666666666,
2.0,
0.6666666666666666,
0.857142857142857,
0.7777777777777778,
2.0,
0.5,
1.333333333333333,
0.0,
9.916666666666668,
1.6888888888888889,
3.98888888888889,
0.7142857142857141,
0.5714285714285714,
0.5714285714285714,
0,
0,
0,
0.7857142857142856,
0,
0,
0,
0,
0,
0,
2.7311827956989276,
0.9999999999999999,
0.7666666666666668,
0.7142857142857142,
0.7142857142857142,
0,
0,
0.5714285714285714,
0.9285714285714284,
0.0,
5.333333333333333,
1.3333333333333328,
1.5714285714285714,
1.3571428571428572,
0.7857142857142856,
0,
2.6666666666666696,
0.3333333333333333,
