0.82258064516129,
1.817204301075269,
2.657706093189963,
1.7603686635944702,
1.2903225806451608,
2.064516129032258,
1.7956989247311836,
0,
0.8129032258064515,
0.375,
4.461538461538454,
23.61904761904761,
1.419354838709677,
0.9666666666666665,
1.1935483870967738,
1.0222222222222224,
1.032258064516129,
1.1333333333333333,
0.966666666666667,
1.257142857142857,
0.7,
3.010752688172045,
2.5600000000000005,
2.838709677419356,
2.5600000000000005,
3.870967741935484,
3.4516129032258047,
4.638095238095241,
18.19999999999999,
2.96774193548387,
0,
1.9769585253456234,
2.129032258064516,
0,
0,
0,
0,
0,
0,
3.064516129032257,
2.221774193548386,
2.4919354838709675,
2.879032258064515,
4.165898617511519,
0.0,
12.500000000000007,
1.4112903225806446,
1.817204301075269,
2.657706093189963,
1.7603686635944702,
1.225806451612903,
1.4838709677419353,
1.4838709677419353,
1.2677419354838715,
0,
0,
3.316666666666667,
2.5092592592592595,
10.021978021978018,
2.1290322580645187,
0.9290322580645158,
0.9666666666666665,
1.1935483870967738,
0.9666666666666665,
1.1935483870967738,
1.4,
0,
1.2592592592592589,
0,
0,
0,
0,
0,
2.387096774193548,
2.387096774193548,
2.387096774193548,
3.2258064516129052,
0.0,
7.5,
3.2258064516129052,
0.0,
2.0,
4.116666666666667,
5.354838709677418,
1.1720430107526876,
0.7204301075268816,
1.817204301075269,
2.657706093189963,
1.7603686635944702,
1.2903225806451608,
2.064516129032258,
1.7956989247311836,
0,
0.8129032258064515,
0.5,
1.8666666666666663,
1.4166666666666663,
3.010752688172045,
2.5600000000000005,
2.838709677419356,
2.5600000000000005,
0,
0,
0,
2.569892473118283,
1.0107526881720426,
10.333333333333337,
2.6774193548387104,
10.333333333333337,
2.6774193548387104,
7.499999999999997,
0,
0,
0,
0,
0,
0,
0,
0,
0,
3.064516129032257,
2.221774193548386,
2.4919354838709675,
2.879032258064515,
4.165898617511519,
0.0,
10.0,
0.9999999999999999,
