0.6666666666666666,
0.8571428571428571,
0.9285714285714285,
1.0666666666666669,
0.7976190476190474,
1.6333333333333335,
1.5111111111111117,
0.9523809523809526,
0,
1.1666666666666667,
0.7142857142857142,
0.41666666666666663,
0,
1.3888888888888886,
0,
0,
0,
0,
2.072463768115942,
0.9375,
1.5111111111111117,
1.4761904761904763,
1.5111111111111117,
1.3142857142857145,
0,
1.0714285714285712,
0.857142857142857,
0.7222222222222223,
1.5111111111111117,
1.4761904761904763,
1.5111111111111117,
1.3142857142857145,
0,
1.0714285714285712,
0.7142857142857141,
0.6818181818181818,
2.072463768115942,
0.9722222222222222,
2.0,
0.6818181818181818,
2.0948616600790513,
0.8333333333333334,
0.9722222222222222,
2.1545893719806766,
0.7142857142857141,
0.5,
2.1545893719806766,
0.7857142857142858,
0,
0,
3.028985507246374,
2.047619047619048,
0.7499999999999999,
1.8666666666666667,
1.3580246913580245,
1.3428571428571427,
1.8666666666666667,
0,
0,
0,
0,
0,
0,
0,
1.4476190476190478,
0.5,
0.6666666666666666,
0.8571428571428571,
0.9285714285714285,
1.0666666666666669,
0.7976190476190474,
1.6333333333333335,
1.4000000000000004,
0.6666666666666666,
0.6818181818181818,
2.072463768115942,
0.9722222222222222,
2.0,
0.6818181818181818,
0,
0,
0,
0,
0,
0,
2.072463768115942,
0.9375,
1.5111111111111117,
1.4761904761904763,
1.5111111111111117,
1.3142857142857145,
0,
1.1428571428571426,
0.7999999999999999,
0.6666666666666667,
1.5111111111111117,
1.4761904761904763,
1.5111111111111117,
1.4642857142857144,
0,
1.476190476190476,
0.7142857142857141,
0.6818181818181818,
2.072463768115942,
0.9722222222222222,
2.072463768115942,
0.9722222222222222,
0,
2.072463768115942,
0.9722222222222222,
2.1545893719806766,
0.7142857142857141,
0.5,
2.1545893719806766,
0.7857142857142858,
0,
0,
0,
0,
2.3115942028985503,
1.095238095238095,
0.7777777777777778,
