2.1594202898550723,
0.7857142857142858,
0.7066666666666668,
1.357142857142857,
2.1594202898550723,
0.7857142857142858,
0.6533333333333335,
1.2666666666666666,
0,
1.2000000000000002,
2.555555555555556,
2.3259259259259264,
0,
1.417283950617284,
0,
0,
0,
0,
1.315217391304348,
0.966666666666667,
0.7857142857142858,
2.1555555555555554,
3.3809523809523823,
2.350000000000001,
0,
1.3333333333333337,
1.3333333333333337,
1.4000000000000004,
1.0476190476190477,
1.8476190476190475,
3.3809523809523823,
2.350000000000001,
0,
0,
1.4148148148148143,
2.0652173913043477,
0.7857142857142858,
2.0652173913043477,
0.7857142857142858,
2.0652173913043477,
0.7142857142857144,
2.0965517241379312,
2.072463768115942,
0.0,
5.5,
2.072463768115942,
0.0,
6.0,
0,
0,
2.6956521739130426,
2.7346938775510217,
2.17391304347826,
0,
0.8051948051948051,
2.565217391304348,
0.7142857142857145,
2.2916666666666656,
2.0769230769230775,
10.4,
4.000000000000001,
4.6,
0,
0.9375,
0,
1.6755555555555552,
2.1594202898550723,
0.7857142857142858,
0.7066666666666668,
1.357142857142857,
2.1594202898550723,
0.7857142857142858,
0.7333333333333334,
1.4148148148148143,
2.0652173913043477,
0.7857142857142858,
2.0652173913043477,
0.7857142857142858,
2.0652173913043477,
0.5714285714285714,
0.6857142857142857,
0,
0,
0,
0,
1.315217391304348,
0.966666666666667,
0.7857142857142858,
2.1555555555555554,
3.3809523809523823,
2.350000000000001,
0,
1.3333333333333337,
1.3333333333333337,
1.4000000000000004,
0.7857142857142858,
2.1555555555555554,
3.3809523809523823,
2.350000000000001,
0,
0,
1.4148148148148143,
2.0652173913043477,
0.7857142857142858,
2.0652173913043477,
0.7857142857142858,
2.0652173913043477,
0.857142857142857,
2.2365591397849465,
2.072463768115942,
0.0,
5.5,
2.072463768115942,
0.0,
6.0,
0,
0,
0,
0,
2.1739130434782603,
1.7619047619047616,
1.1111111111111112,
