0.4,
10.100000000000016,
1.5111111111111117,
1.2467532467532465,
0,
2.74193548387097,
1.4400000000000002,
1.014285714285714,
0,
0,
0,
1.666666666666667,
0,
1.433333333333333,
3.9516129032258083,
3.428571428571429,
0,
12.0,
0,
3.428571428571429,
9.6,
1.6857142857142857,
0.4833333333333333,
1.6857142857142857,
0.6888888888888888,
0,
2.787096774193551,
0,
1.7249999999999999,
1.4285714285714286,
0.0,
14.0,
0.6333333333333335,
2.3428571428571425,
0.611111111111111,
8.066666666666665,
3.7555555555555524,
6.5,
4.799999999999999,
1.9532967032967046,
2.104761904761905,
1.3000000000000003,
1.633333333333333,
0,
1.4222222222222223,
2.2903225806451606,
0,
0,
0,
2.7311827956989276,
3.7142857142857153,
0.0,
0,
3.5,
0.6666666666666666,
0,
0.0,
4.159999999999998,
5.279999999999994,
3.75,
0.4,
10.100000000000016,
1.5111111111111117,
1.2467532467532465,
0,
0,
0,
0,
0,
2.663594470046086,
0.857142857142857,
0.6888888888888888,
2.8838709677419385,
0,
1.666666666666667,
0,
0,
2.5666666666666647,
3.428571428571429,
0,
12.0,
0,
3.428571428571429,
9.6,
1.6857142857142857,
0.4833333333333333,
1.6857142857142857,
0.6888888888888888,
0,
2.787096774193551,
0,
1.7249999999999999,
1.6122448979591835,
0.0,
0.0,
0.375,
2.3428571428571425,
0.611111111111111,
8.399999999999993,
4.683870967741936,
8.666666666666666,
1.3846153846153841,
2.571428571428571,
