0,
2.2636363636363637,
2.824175824175826,
1.9017857142857142,
0,
1.999999999999999,
5.384615384615378,
2.598214285714285,
0,
0,
0,
0,
0,
0,
3.9516129032258083,
1.8392857142857133,
0,
4.576530612244897,
0,
9.999999999999998,
2.5357142857142856,
2.129032258064517,
2.3870967741935494,
2.129032258064517,
2.129032258064516,
0,
0,
0,
2.683870967741937,
3.016129032258065,
2.5178571428571432,
2.74193548387097,
1.5173333333333325,
3.2730414746543732,
3.363636363636363,
13.603305785123977,
4.683870967741936,
8.86363636363637,
3.9516129032258083,
1.5714285714285712,
6.109090909090909,
3.7622377622377665,
7.900000000000009,
2.911111111111111,
3.2822580645161317,
2.5481481481481487,
1.8571428571428568,
1.5714285714285712,
1.5714285714285712,
1.6339285714285712,
3.419354838709679,
2.96774193548387,
0,
2.064516129032258,
0,
3.4408602150537635,
2.7187499999999996,
4.427881297446538,
2.0952380952380945,
2.0645161290322593,
0,
2.2636363636363637,
2.824175824175826,
1.9017857142857142,
0,
2.2,
1.4000000000000001,
1.4000000000000001,
1.7999999999999998,
2.1999999999999993,
0,
0,
0,
0,
3.870967741935484,
4.0,
0,
4.193548387096775,
2.080357142857142,
0,
4.576530612244897,
0,
9.999999999999998,
2.5357142857142856,
2.129032258064517,
2.3870967741935494,
2.129032258064517,
2.129032258064516,
0,
0,
0,
2.683870967741937,
3.016129032258065,
2.5178571428571432,
2.74193548387097,
1.5173333333333325,
3.2516495601172974,
0.0,
9.163636363636353,
4.683870967741936,
8.86363636363637,
3.9516129032258083,
3.0,
