0.0,
0.0,
0.0,
6.0,
2.3571428571428568,
0.0,
0.0,
5.5,
0,
0,
0,
0,
0,
2.0,
0.4444444444444444,
0.5,
0.7142857142857141,
0.0,
6.0,
1.6071428571428574,
1.0476190476190477,
1.130434782608696,
0,
0,
0,
2.0739130434782607,
0,
0,
0,
0,
0,
0,
0,
0,
2.6666666666666696,
0.0,
0.4375,
0,
0,
0,
0,
0,
0,
1.7666666666666668,
0.611111111111111,
7.0,
0.4,
0.9999999999999999,
0,
2.0124999999999997,
0,
2.698924731182798,
0,
2.5333333333333337,
0,
0,
0,
0.0,
0,
0.0,
0.0,
15.000000000000005,
1.5714285714285712,
0.7142857142857141,
1.733333333333334,
5.333333333333333,
1.1428571428571428,
2.4761904761904763,
3.3333333333333353,
11.0,
0,
0,
0,
0,
0,
0,
0,
2.7898550724637663,
0,
1.733333333333334,
8.0,
0.611111111111111,
0.375,
1.714285714285714,
0.0,
0.0,
0.0,
0.0,
15.0,
3.428571428571428,
0.5714285714285714,
1.5238095238095237,
1.2857142857142856,
2.1000000000000005,
1.0714285714285714,
0.611111111111111,
0.5714285714285714,
5.25,
2.7857142857142856,
1.5000000000000002,
0.8095238095238093,
0,
0,
1.785714285714286,
5.25,
1.785714285714286,
7.0,
0,
0,
1.5,
1.8333333333333335,
0.0,
0.375,
1.9285714285714282,
0.0,
0.0,
0,
6.0,
0.6428571428571428,
0.0,
0.0,
0.0,
0.0,
0.0,
7.0,
0.4444444444444444,
0.0,
0,
6.0,
0.6428571428571428,
0.0,
0.0,
0.0,
0.0,
0.0,
6.0,
2.3571428571428568,
0.0,
0.0,
5.5,
0,
0,
0,
0,
0,
2.6521739130434785,
1.9107142857142845,
1.4666666666666668,
1.7857142857142856,
0.888888888888889,
1.433333333333333,
0,
0,
0,
0,
0,
0,
0,
0,
2.6666666666666696,
0.4375,
0,
0,
0,
0,
0,
0,
1.7666666666666668,
0.611111111111111,
7.0,
0.4,
0.9999999999999999,
0,
2.0124999999999997,
0,
2.698924731182798,
0,
2.5333333333333337,
0,
0,
0,
0.0,
0,
0.0,
0.0,
15.000000000000005,
1.5714285714285712,
0.7142857142857141,
1.733333333333334,
5.333333333333333,
1.1428571428571428,
2.4761904761904763,
3.3333333333333353,
11.0,
0,
0,
0,
0,
0,
0,
0,
0,
0,
0,
4.463768115942024,
0.0,
3.5000000000000004,
2.1333333333333346,
0.0,
