1.0107526881720426,
13.252525252525244,
1.4900153609831037,
1.9249999999999994,
5.703225806451614,
13.252525252525244,
1.4900153609831037,
1.4088888888888889,
1.4565217391304348,
1.8623188405797102,
1.5724637681159421,
1.8198757763975155,
1.580745341614906,
2.269565217391304,
2.0048309178743957,
1.1086956521739133,
1.8599033816425121,
1.3434782608695652,
2.1913043478260863,
2.067588325652842,
2.6608695652173915,
2.0262843488649946,
1.6835637480798784,
2.6608695652173915,
2.3250620347394557,
1.8922924901185765,
0.6984126984126985,
1.0,
0.9677419354838709,
0.877551020408163,
1.548387096774194,
1.3333333333333333,
1.2888888888888892,
1.3600000000000003,
0.7380952380952379,
1.2698412698412693,
1.161290322580645,
1.096774193548387,
1.2473118279569884,
1.2333333333333336,
0.8000000000000003,
1.4266666666666667,
1.333333333333333,
1.7548387096774192,
1.5999999999999996,
1.3333333333333337,
0,
1.3333333333333337,
0,
4.666666666666664,
0,
12.0,
0,
1.0476190476190474,
0.421875,
0,
2.1285714285714286,
2.267281105990786,
0,
12.6,
2.4347826086956528,
1.8260869565217392,
1.1086956521739133,
0,
0,
2.869565217391304,
2.869565217391304,
0,
2.0383631713554986,
1.8533724340175972,
0.42857142857142855,
0.8571428571428571,
0.7333333333333333,
0.8222222222222223,
0.5714285714285714,
0.7976190476190476,
1.516129032258064,
1.3870967741935492,
0,
0,
2.3115942028985503,
1.5999999999999999,
1.0724637681159421,
1.8260869565217392,
1.1086956521739133,
1.8260869565217392,
1.1086956521739133,
0,
0,
0,
0,
0,
0,
0,
0,
0,
0,
0,
0,
0,
0,
0,
0,
0,
0,
0,
0,
0,
0,
2.195652173913044,
1.129251700680272,
0.6458333333333334,
1.0783410138248841,
0.8979591836734692,
1.0107526881720426,
6.066666666666666,
1.4888888888888892,
1.3777777777777775,
0.9598214285714284,
1.0107526881720426,
5.249999999999999,
0.9866666666666667,
0,
0,
0,
2.5666666666666647,
6.066666666666666,
1.4888888888888892,
1.3777777777777775,
0.9598214285714284,
1.0107526881720426,
6.151515151515155,
5.50537634408602,
13.252525252525244,
1.4900153609831037,
1.9249999999999994,
4.172043010752689,
5.961538461538464,
1.4900153609831037,
1.4088888888888889,
1.4565217391304348,
1.8623188405797102,
1.5724637681159421,
2.0942028985507246,
1.5333333333333345,
2.6666666666666674,
0,
0,
0,
0,
2.1204013377926416,
1.186666666666667,
1.6533333333333335,
1.5333333333333334,
1.6129032258064508,
1.548387096774194,
1.2493827160493824,
1.3155555555555547,
1.3600000000000003,
0.9142857142857143,
1.161290322580645,
1.096774193548387,
1.2473118279569884,
1.2333333333333336,
0.8000000000000003,
1.4266666666666667,
1.333333333333333,
1.7548387096774192,
1.5999999999999996,
1.3333333333333337,
0,
1.3333333333333337,
0,
4.666666666666664,
0,
12.0,
0,
1.0476190476190474,
0.421875,
0,
2.1285714285714286,
2.267281105990786,
0,
12.6,
2.4347826086956528,
1.8260869565217392,
1.1086956521739133,
0,
0,
2.869565217391304,
2.869565217391304,
0,
2.0383631713554986,
1.8533724340175972,
0.42857142857142855,
0.8571428571428571,
0.7333333333333333,
0.8222222222222223,
0.5714285714285714,
0.7976190476190476,
1.516129032258064,
1.3870967741935485,
5.660714285714285,
2.129032258064515,
5.182795698924732,
5.6410256410256485,
2.941935483870968,
2.333333333333333,
0.0,
