0,
0,
0,
1.7424242424242424,
1.25,
1.1666666666666665,
1.25,
1.1666666666666665,
1.25,
1.3333333333333333,
0.9999999999999999,
5.000000000000001,
0,
0,
1.3636363636363635,
1.0909090909090908,
1.3636363636363633,
0,
0,
0.9999999999999997,
0.5,
0.9090909090909088,
0,
1.2878787878787874,
0.75,
1.6875,
6.75,
0.6666666666666666,
0.5,
1.6875,
6.75,
0.6666666666666666,
0,
1.1111111111111112,
0,
0,
0,
0.9696969696969697,
0.5,
0.2222222222222222,
0.8148148148148149,
0.7272727272727272,
0.8148148148148149,
0.8181818181818181,
0,
0,
2.8787878787878802,
4.000000000000001,
0,
0,
0,
0,
0,
0,
0,
0,
0,
1.5151515151515147,
0,
0,
4.0,
1.3333333333333333,
0,
0,
0,
0,
0,
0,
4.0,
1.3333333333333333,
0.9999999999999997,
1.1363636363636362,
2.2962962962962954,
0,
0,
0,
0,
2.0,
0,
54.0,
0.9999999999999999,
0,
0,
0,
0,
0,
0,
0.6666666666666666,
2.0,
0.3333333333333333,
1.3333333333333333,
3.333333333333334,
0,
0,
0,
1.272727272727272,
0.0,
2.0000000000000004,
1.3636363636363635,
1.0909090909090908,
0,
0,
0,
1.2878787878787874,
0,
0,
0,
0.0,
0,
3.0,
0.5,
0.5,
0.3333333333333333,
0.5,
0.3333333333333333,
0.5,
0.3333333333333333,
0.5,
0.3333333333333333,
0.5,
0.3333333333333333,
0.5,
0.3333333333333333,
0.5,
0.3333333333333333,
0.5555555555555555,
0.6666666666666666,
1.1818181818181814,
0.818181818181818,
1.1818181818181814,
3.227272727272728,
10.83333333333333,
0.9090909090909091,
0.9545454545454544,
1.5,
0.7222222222222223,
0,
0,
0,
1.3636363636363635,
1.3636363636363635,
0,
0,
0.9999999999999997,
0.3333333333333333,
0.4166666666666667,
0,
0.9999999999999997,
0.3333333333333333,
0.4166666666666667,
0,
1.0,
0.6666666666666666,
1.03030303030303,
0.818181818181818,
1.03030303030303,
0.818181818181818,
1.03030303030303,
0.818181818181818,
1.03030303030303,
1.8636363636363629,
0.0,
0,
6.0,
0.6666666666666666,
0.25,
0.8333333333333333,
0.4166666666666667,
0,
0,
0,
1.0909090909090908,
1.0909090909090908,
1.0909090909090908,
1.0909090909090908,
1.3636363636363633,
0,
0,
0,
1.0909090909090908,
1.0909090909090908,
1.0909090909090908,
1.0909090909090908,
1.4242424242424236,
1.0,
0.6666666666666666,
1.0,
0.7222222222222223,
0,
0,
0,
1.9696969696969704,
1.0,
1.0,
1.0,
1.0,
1.1666666666666665,
3.5,
0.9999999999999999,
5.000000000000001,
0,
0,
0,
1.9696969696969704,
0.0,
0,
0,
0.0,
0.0,
0,
0,
0.0,
0.0,
3.5555555555555554,
0.7272727272727273,
0.7727272727272727,
1.03030303030303,
0.7272727272727271,
0.5,
0.2222222222222222,
0.8148148148148149,
0.7272727272727272,
0.8148148148148149,
0.8181818181818181,
0,
0,
1.0909090909090908,
1.0909090909090908,
1.3636363636363635,
0,
0,
0,
0,
0,
0,
0,
0,
1.1090909090909087,
0.9999999999999999,
3.0,
0.3333333333333333,
0.3333333333333333,
0.3333333333333333,
0.5,
0.0,
0,
0,
0,
4.0,
1.3333333333333333,
0.9999999999999997,
1.0606060606060606,
0.4444444444444444,
0,
0.3333333333333333,
0,
0,
2.0,
0,
54.0,
0.9999999999999999,
0,
0,
0,
0,
0,
0,
1.0,
1.8181818181818175,
0.3333333333333333,
1.3333333333333333,
3.333333333333334,
0,
0,
0,
1.272727272727272,
0.0,
2.0000000000000004,
1.3636363636363635,
1.0909090909090908,
0,
0,
0,
1.2878787878787874,
0,
0,
0,
0.0,
0,
3.0,
0.5,
0.5,
0.3333333333333333,
0.5,
0.3333333333333333,
0.5,
0.3333333333333333,
0.5,
0.3333333333333333,
0.5,
0.3333333333333333,
0.5,
0.3333333333333333,
0.25,
0.6666666666666666,
0.8333333333333334,
1.03030303030303,
1.03030303030303,
0.818181818181818,
1.03030303030303,
1.8636363636363629,
5.833333333333333,
0,
0,
0,
0,
0,
0,
0,
0,
0,
1.2878787878787874,
0.0,
0,
4.0,
1.5,
1.8181818181818175,
0,
0,
2.0,
1.7142857142857142,
0,
0,
0,
0,
0,
0.42857142857142855,
0.42857142857142855,
0.9999999999999999,
2.0,
1.3333333333333333,
2.0,
0.8333333333333333,
0,
0.5555555555555555,
0.9090909090909091,
0,
0.7272727272727271,
0.0,
1.2499999999999998,
0,
0,
0,
1.1060606060606062,
0,
0,
0,
2.3115942028985503,
0.0,
2.0,
0.6666666666666666,
