1.5,
0.6666666666666666,
2.6666666666666665,
1.4181818181818175,
0,
0,
0,
0,
0,
0,
0,
1.5151515151515147,
0.0,
0.0,
0,
2.0,
1.5,
0.9090909090909088,
0,
0,
0,
0,
0,
1.5151515151515147,
1.0,
1.5,
6.0,
0.6666666666666666,
1.0,
1.5,
6.0,
0.5,
0,
1.25,
0,
0,
0,
0.7272727272727272,
0,
0,
0,
0,
0,
0,
0,
0,
0,
0.9999999999999997,
0.3333333333333333,
0.2222222222222222,
0.7222222222222223,
0.8636363636363635,
0.7222222222222223,
1.0,
0,
0,
0,
1.5151515151515147,
0,
0.0,
0.0,
0.0,
0.0,
4.0,
1.236111111111111,
2.7954545454545463,
1.2727272727272725,
1.6363636363636362,
1.6363636363636362,
1.9545454545454535,
1.3333333333333333,
3.0,
1.2857142857142856,
0,
0,
2.571428571428571,
0,
0.0,
0.0,
72.0,
2.0,
2.0,
0.9999999999999999,
1.25,
2.0,
0,
0,
0.0,
0,
0,
0,
6.666666666666664,
0,
0,
0,
1.3766233766233769,
1.9739130434782606,
2.8136645962732905,
0.0,
5.5,
0,
0,
0,
0,
0,
0,
0,
2.0869565217391304,
3.5454545454545485,
2.5795454545454555,
0,
0,
0,
0,
0,
0,
0,
0,
0,
0,
0,
0,
5.760869565217391,
5.586956521739126,
0,
2.135265700483092,
0.9545454545454544,
1.6818181818181808,
0.9545454545454544,
1.6818181818181808,
1.8636363636363629,
0.0,
0,
0.0,
2.5,
1.0,
1.5,
1.0,
1.5,
0,
0.6666666666666666,
0.4166666666666667,
0,
0,
0,
0,
0,
0,
0,
0,
0,
1.0,
0.7272727272727271,
1.6818181818181808,
1.1363636363636362,
2.7272727272727266,
1.1818181818181814,
1.6818181818181808,
1.1363636363636362,
2.7272727272727266,
2.5454545454545454,
8.333333333333336,
2.5454545454545454,
8.333333333333336,
1.8181818181818181,
0,
0,
0.9545454545454544,
0.75,
0.8333333333333333,
1.25,
1.2777777777777777,
1.8947368421052633,
7.200000000000001,
1.8947368421052633,
0.0,
1.0,
1.1666666666666665,
1.25,
1.6111111111111114,
1.8947368421052633,
7.200000000000001,
1.8947368421052633,
0.0,
1.0,
0.6666666666666666,
1.0,
0.9999999999999999,
1.0,
0.6666666666666666,
2.6666666666666665,
1.4181818181818175,
0,
0,
0,
0,
0,
0,
0,
1.5151515151515147,
0.0,
0,
0.0,
4.166666666666668,
1.3636363636363635,
0,
0,
1.0530303030303028,
3.073863636363637,
0,
3.495454545454547,
0,
0,
1.0,
0,
0,
0,
0.7272727272727272,
0,
0,
0,
0,
0,
0,
0,
0,
0,
0.9999999999999997,
0.3333333333333333,
0.2222222222222222,
0.7222222222222223,
0.8636363636363635,
0.7222222222222223,
1.0,
0,
0,
0,
1.5151515151515147,
0,
0.0,
0.0,
0.0,
0.0,
4.0,
1.088888888888889,
2.939393939393939,
1.2727272727272725,
1.6363636363636362,
1.6363636363636362,
1.5454545454545447,
0.9333333333333332,
2.0,
3.428571428571428,
0,
3.428571428571428,
2.571428571428571,
0,
0.0,
0.0,
72.0,
2.0,
2.0,
0.9999999999999999,
0.0,
0.0,
0,
0,
0.0,
0,
0,
0,
6.666666666666664,
0,
0,
0,
1.3766233766233769,
2.076086956521739,
2.844720496894408,
0.0,
4.7142857142857135,
0,
0,
0,
0,
0,
0,
0,
2.0869565217391304,
3.5454545454545485,
2.5330578512396698,
2.4347826086956523,
0,
0,
0,
0,
0,
0,
0,
0,
0,
0,
0,
0,
0,
5.956521739130435,
3.28571428571428,
0.9696969696969694,
1.03030303030303,
0.6666666666666666,
1.03030303030303,
2.5454545454545454,
0.0,
0.0,
0.0,
1.0,
2.25,
1.0,
2.25,
0.0,
0,
0,
0.0,
0,
0.0,
0.0,
2.0,
0.8333333333333333,
2.9090909090909087,
0,
1.9545454545454535,
1.1851851851851856,
0.0,
0.0,
0.0,
0.0,
0,
0.0,
5.0,
1.8636363636363629,
5.833333333333334,
1.8636363636363629,
5.833333333333334,
0.9090909090909091,
0,
0,
1.8636363636363629,
6.222222222222221,
2.545454545454544,
0,
1.5,
1.0,
1.5,
0.6666666666666666,
0.0,
0,
0,
0,
0.0,
0.0,
4.0,
1.3333333333333333,
