0.8571428571428571,
0,
1.1428571428571428,
1.2500000000000002,
3.333333333333334,
3.1249999999999996,
1.6857142857142855,
2.8809523809523814,
3.4761904761904763,
4.083333333333334,
1.8775510204081631,
0,
0,
0,
2.099999999999999,
3.6666666666666665,
1.5238095238095235,
1.3333333333333333,
4.8,
1.7857142857142854,
1.4499999999999997,
1.7857142857142854,
1.6333333333333333,
0.9999999999999997,
0.857142857142857,
0,
0,
0,
0.9285714285714283,
0,
0.0,
0,
7.0,
1.1428571428571428,
1.5714285714285714,
1.7499999999999998,
1.8666666666666667,
0,
0,
1.4000000000000004,
0.6875,
0.8533333333333335,
0.0,
0,
0.0,
0.0,
7.0,
0.611111111111111,
0.0,
7.000000000000002,
1.8666666666666667,
0,
0,
1.5111111111111117,
0.9714285714285715,
5.828571428571424,
0,
8.0,
0,
1.3333333333333333,
0.5,
2.0,
0,
1.3333333333333333,
0.5,
2.0,
0,
2.1000000000000005,
0.8095238095238093,
0,
0,
0,
0,
0.42857142857142855,
0,
0.0,
0,
0.5,
0.8571428571428571,
0,
1.1428571428571428,
1.2500000000000002,
0,
0,
0,
1.2619047619047619,
0,
1.3333333333333337,
0.6666666666666667,
0,
0,
0,
1.6333333333333333,
2.357142857142857,
2.357142857142857,
0,
0,
0,
0.9285714285714283,
0.4444444444444444,
0.0,
0,
7.0,
1.1428571428571428,
1.5714285714285714,
1.7499999999999998,
1.8666666666666667,
0,
0,
1.3333333333333337,
0.4444444444444444,
0.0,
0.0,
0,
0.0,
0.0,
7.0,
0.611111111111111,
0.0,
20.0,
3.666666666666665,
0.0,
0,
5.0,
1.9999999999999998,
0.75,
0.4489795918367347,
0,
0,
0,
1.5111111111111117,
0.9523809523809526,
