0,
0,
4.248847926267284,
3.7599999999999967,
1.5111111111111117,
1.3928571428571428,
1.4999999999999996,
2.0443548387096784,
1.7096774193548385,
1.038095238095238,
1.6711111111111134,
2.553763440860218,
0.8279569892473119,
2.553763440860218,
0.8279569892473119,
0,
0,
0,
2.9032258064516134,
1.9327956989247337,
1.7580645161290327,
2.2679900744416903,
2.624999999999999,
4.4055299539170525,
3.514285714285714,
2.103225806451614,
1.5333333333333334,
2.103225806451614,
1.3333333333333328,
3.1397849462365595,
2.870967741935484,
0,
0,
2.0666666666666664,
1.6649029982363308,
1.7,
2.103225806451614,
1.5333333333333334,
2.103225806451614,
1.3166666666666664,
2.4533333333333305,
1.2638888888888888,
3.1451612903225814,
0,
2.7311827956989276,
0,
0,
2.0124798711755223,
4.895587076438147,
7.189417989418013,
2.480000000000001,
6.933333333333333,
2.3555555555555556,
6.0,
1.4999999999999998,
0.525,
0,
1.7526881720430119,
0,
0,
0,
0,
0,
0,
0,
0,
0,
0,
2.795698924731182,
0,
0,
0,
0,
3.261337073398787,
0,
0,
2.0,
0.5833333333333334,
0,
0,
4.248847926267284,
3.7599999999999967,
0,
0,
0,
1.3333333333333335,
0,
1.2666666666666666,
1.4190476190476187,
1.7526881720430127,
0.7491039426523294,
1.7526881720430127,
0.8129032258064515,
3.6451612903225823,
2.485714285714286,
2.103225806451614,
1.5333333333333334,
2.103225806451614,
1.363636363636363,
0,
2.870967741935484,
0,
0,
2.0666666666666664,
1.6649029982363308,
1.7,
2.103225806451614,
1.5333333333333334,
1.903225806451613,
1.4133333333333329,
1.7866666666666657,
1.4740740740740736,
3.2516129032258076,
0,
2.7311827956989276,
0,
0,
2.0155279503105583,
4.501889644746782,
5.280423280423302,
2.7361111111111116,
3.0789473684210495,
2.861111111111112,
3.3157894736842093,
2.6,
2.5625,
1.3870967741935485,
2.4800000000000013,
6.933333333333333,
2.3555555555555556,
6.0,
2.571428571428571,
