0,
0,
0,
1.6333333333333333,
0.6000000000000001,
0,
0,
1.3333333333333333,
0.875,
0.7444444444444445,
2.7295285359801515,
0.7912087912087913,
0,
0,
0,
0,
2.8387096774193568,
0,
0,
0,
1.7142857142857146,
0,
10.90909090909093,
0,
3.4677419354838728,
0,
1.8999999999999997,
1.5,
0,
1.5399999999999998,
0,
1.3714285714285714,
0,
3.3749999999999996,
3.0967741935483875,
0,
0,
0,
0,
2.1677419354838734,
2.799999999999999,
0,
0,
0,
1.6333333333333333,
0.6000000000000001,
0,
1.2000000000000002,
1.0222222222222221,
0,
0,
0,
2.468817204301078,
0.875,
0.7444444444444445,
2.7295285359801515,
0.7912087912087913,
0,
0,
0,
0,
2.8387096774193568,
0,
0,
0,
4.499999999999996,
0.0,
15.000000000000025,
0,
3.4677419354838728,
0,
1.8999999999999997,
1.7142857142857142,
