0.5119047619047619,
0.6666666666666666,
0.5297619047619047,
1.425595238095238,
0,
0,
0,
0,
3.4193548387096775,
2.74193548387097,
1.9809523809523808,
1.2857142857142854,
0.4765625,
1.485185185185185,
1.8611111111111112,
1.485185185185185,
1.7499999999999998,
0,
0,
0,
1.5887096774193554,
0.7456896551724136,
1.243333333333333,
1.3858560794044656,
5.3888888888889115,
0,
2.8337468982630294,
1.8131868131868134,
0,
1.8064516129032255,
0,
1.6774193548387093,
0,
2.334310850439885,
0,
0,
0,
0,
0,
2.6326530612244894,
2.792626728110602,
0.5119047619047619,
0.6666666666666666,
0.5297619047619047,
1.425595238095238,
0,
0,
0,
2.7247311827957015,
0.6000000000000001,
0,
0,
2.0124999999999997,
0,
2.74193548387097,
1.9809523809523808,
1.2857142857142854,
0.4765625,
1.485185185185185,
1.8611111111111112,
1.485185185185185,
1.7499999999999998,
0,
0,
0,
1.5887096774193554,
0,
0.9275862068965516,
2.629032258064513,
5.3888888888889115,
0,
2.639784946236562,
2.0,
